AAFITH[ENTER]
INDA[BACKSPACE]IA[ENTER]
HOW TO ADD TO FOLDER IN GITHUB[ENTER]
[40][40][40][40][40][40][40][40][40][40][40][40][40][40]KKEYLOGGR[BACKSPACE]ER.CPP[ENTER]
[40][40][40][40][40][40][40][40][40][40][40][38][38][38][38][38][38][38][38][38][38][38][38][38][40][40][40][40][40][40][40][40][40][40][40][38][38][38][38][38][38][38][38][38][38][38][38][38][38][38][38][38][38][38][38][38][38][38][38][38][38][40][40][40][40][40][40][40][40][40][40][40][40][40][40][40][40][40][40][40][40][40][40][40][40][40][40][40][40][40][40][40][40][40][40][40][40][40][40][40][40][40][40][40][40][40][40][40][40][40][40][40][40][40][40][40][40][40][40][40][40][40][40][40][40][40][40][40][40][40][40][40][40][40][40][40][40][40][40][40][162]C[162]V[ENTER]
K[40][ENTER]
MI[ENTER]
[40][40][40][40][40][40][40][40][40][40][40][40]PO[ENTER]
CD DESKTOP[ENTER]
CD LAWKEYLOGGER[ENTER]
[ENTER]
